key,user,hold_time,press_press_time,press_release_time,release_release_time
[backspace],alex,10314910.0,703718.0,-9611192.0,-1861198.0
r,alex,7749994.0,89685.0,-7660309.0,4024511.0
e,alex,11684820.0,256107.0,-11428713.0,-2866409.0
l,alex,8562304.0,211177.0,-8351127.0,-2626620.0
a,alex,5724507.0,129300.0,-5595207.0,6211471.0
s,alex,11806678.0,975611.0,-10831067.0,-10267297.0
[alt],alex,563770.0,43838.0,-519932.0,-339605.0
[tab],alex,180327.0,4185226.0,4004899.0,4379949.0
[maj],alex,375050.0,484390.0,109340.0,203057.0
[space],alex,93717.0,171840.0,78123.0,156225.0
p,alex,78102.0,187439.0,109337.0,234325.0
a,alex,124988.0,124988.0,0.0,93714.0
n,alex,93714.0,546748.0,453034.0,546624.0
g,alex,93590.0,281174.0,187584.0,328182.0
a,alex,140598.0,93738.0,-46860.0,109343.0
m,alex,156203.0,187446.0,31243.0,140598.0
[space],alex,109355.0,218574.0,109219.0,281185.0
o,alex,171966.0,171966.0,0.0,124954.0
r,alex,124954.0,62483.0,-62471.0,78124.0
[space],alex,140595.0,140595.0,0.0,127191.0
h,alex,127191.0,1095728.0,968537.0,1093493.0
o,alex,124956.0,218702.0,93746.0,187473.0
l,alex,93727.0,156202.0,62475.0,156212.0
o,alex,93737.0,203088.0,109351.0,218564.0
a,alex,109213.0,93595.0,-15618.0,125106.0
p,alex,140724.0,312560.0,171836.0,296796.0
[backspace],alex,124960.0,140586.0,15626.0,124969.0
l,alex,109343.0,124973.0,15630.0,156213.0
p,alex,140583.0,249943.0,109360.0,249941.0
h,alex,140581.0,190839.0,50258.0,132534.0
a,alex,82276.0,97892.0,15616.0,124986.0
b,alex,109370.0,343688.0,234318.0,296803.0
t,alex,62485.0,93723.0,31238.0,171839.0
i,alex,140601.0,203082.0,62481.0,187433.0
c,alex,124952.0,140571.0,15619.0,156227.0
[space],alex,140608.0,328070.0,187462.0,283192.0
e,alex,95730.0,502021.0,406291.0,531250.0
n,alex,124959.0,171821.0,46862.0,171853.0
t,alex,124991.0,109341.0,-15650.0,124952.0
e,alex,140602.0,203087.0,62485.0,187461.0
n,alex,124976.0,156208.0,31232.0,234318.0
c,alex,203086.0,140606.0,-62480.0,93726.0
e,alex,156206.0,234323.0,78117.0,203078.0
[space],alex,124961.0,140577.0,15616.0,156218.0
i,alex,140602.0,124983.0,-15619.0,156200.0
s,alex,171819.0,109347.0,-62472.0,62503.0
[space],alex,124975.0,140581.0,15606.0,203056.0
a,alex,187450.0,109342.0,-78108.0,62505.0
[space],alex,140613.0,281199.0,140586.0,218568.0
s,alex,77982.0,171839.0,93857.0,218812.0
e,alex,124955.0,93721.0,-31234.0,109365.0
n,alex,140599.0,156210.0,15611.0,109342.0
t,alex,93731.0,374931.0,281200.0,406149.0
e,alex,124949.0,124949.0,0.0,124883.0
n,alex,124883.0,109353.0,-15530.0,187550.0
c,alex,203080.0,171847.0,-31233.0,140590.0
e,alex,171823.0,109327.0,-62496.0,93734.0
[space],alex,156230.0,328071.0,171841.0,281186.0
t,alex,109345.0,109345.0,0.0,109252.0
a,alex,109252.0,78090.0,-31162.0,78208.0
h,alex,109370.0,171751.0,62381.0,203065.0
t,alex,140684.0,78190.0,-62494.0,62492.0
[space],alex,124986.0,218718.0,93732.0,156085.0
[backspace],alex,62353.0,156214.0,93861.0,156339.0
[backspace],alex,62478.0,140574.0,78096.0,140598.0
[backspace],alex,62502.0,140603.0,78101.0,140583.0
[backspace],alex,62482.0,171839.0,109357.0,218696.0
h,alex,109339.0,93722.0,-15617.0,156220.0
a,alex,171837.0,93713.0,-78124.0,109343.0
t,alex,187467.0,109372.0,-78095.0,62487.0
[space],alex,140582.0,468502.0,327920.0,437398.0
c,alex,109478.0,62617.0,-46861.0,93603.0
o,alex,140464.0,78100.0,-62364.0,62510.0
n,alex,124874.0,124874.0,0.0,109374.0
t,alex,109374.0,78090.0,-31284.0,93707.0
a,alex,124991.0,62596.0,-62395.0,109448.0
i,alex,171843.0,78118.0,-93725.0,62354.0
n,alex,156079.0,140588.0,-15491.0,156347.0
s,alex,171838.0,109356.0,-62482.0,62481.0
[space],alex,124963.0,187447.0,62484.0,205447.0
e,alex,142963.0,142963.0,0.0,140587.0
v,alex,140587.0,124990.0,-15597.0,156226.0
e,alex,171823.0,140584.0,-31239.0,46864.0
r,alex,78103.0,171819.0,93716.0,171839.0
y,alex,78123.0,484279.0,406156.0,515501.0
[space],alex,109345.0,265546.0,156201.0,281182.0
l,alex,124981.0,93742.0,-31239.0,109342.0
e,alex,140581.0,109345.0,-31236.0,62496.0
t,alex,93732.0,156215.0,62483.0,156202.0
t,alex,93719.0,62481.0,-31238.0,218703.0
e,alex,249941.0,140599.0,-109342.0,15622.0
r,alex,124964.0,78103.0,-46861.0,81970.0
[space],alex,128831.0,316213.0,187382.0,343568.0
o,alex,156186.0,140650.0,-15536.0,109451.0
f,alex,124987.0,78123.0,-46864.0,78095.0
[space],alex,124959.0,140580.0,15621.0,124982.0
t,alex,109361.0,124982.0,15621.0,156080.0
h,alex,140459.0,124960.0,-15499.0,125110.0
e,alex,140609.0,62500.0,-78109.0,62478.0
[space],alex,140587.0,437404.0,296817.0,437398.0
a,alex,140581.0,109340.0,-31241.0,78106.0
l,alex,109347.0,203080.0,93733.0,171836.0
p,alex,78103.0,203079.0,124976.0,249946.0
h,alex,124970.0,124970.0,0.0,171721.0
a,alex,171721.0,234318.0,62597.0,187561.0
b,alex,124964.0,140581.0,15617.0,218599.0
e,alex,202982.0,124983.0,-77999.0,62571.0
t,alex,140570.0,93717.0,-46853.0,78123.0
[space],alex,124976.0,140492.0,15516.0,171821.0
a,alex,156305.0,109449.0,-46856.0,78123.0
t,alex,124979.0,124979.0,0.0,135748.0
[space],alex,135748.0,135748.0,0.0,124970.0
l,alex,124970.0,93862.0,-31108.0,124977.0
e,alex,156085.0,93719.0,-62366.0,62480.0
a,alex,124846.0,109362.0,-15484.0,140719.0
s,alex,156203.0,171824.0,15621.0,170237.0
t,alex,154616.0,100089.0,-54527.0,56968.0
[space],alex,111495.0,80115.0,-31380.0,171820.0
o,alex,203200.0,109483.0,-93717.0,46743.0
n,alex,140460.0,140460.0,0.0,187580.0
c,alex,187580.0,140592.0,-46988.0,156223.0
e,alex,203211.0,93729.0,-109482.0,49256.0
[space],alex,158738.0,321681.0,162943.0,334781.0
[maj],alex,171838.0,109347.0,-62491.0,15492.0
t,alex,77983.0,109344.0,31361.0,156203.0
h,alex,124842.0,140461.0,15619.0,156343.0
a,alex,140724.0,359428.0,218704.0,281173.0
[backspace],alex,62469.0,46855.0,-15614.0,140606.0
e,alex,156220.0,78093.0,-78127.0,78103.0
[space],alex,156230.0,156230.0,0.0,124977.0
m,alex,124977.0,203082.0,78105.0,187440.0
o,alex,109335.0,93717.0,-15618.0,109363.0
s,alex,124981.0,156224.0,31243.0,140577.0
t,alex,109334.0,78102.0,-31232.0,62420.0
[space],alex,93652.0,171839.0,78187.0,187525.0
f,alex,109338.0,249943.0,140605.0,265559.0
a,alex,124954.0,203079.0,78125.0,203089.0
m,alex,124964.0,234317.0,109353.0,314681.0
o,alex,205328.0,142848.0,-62480.0,78002.0
u,alex,140482.0,156196.0,15714.0,218794.0
s,alex,203080.0,124984.0,-78096.0,62506.0
[space],alex,140602.0,577983.0,437381.0,531119.0
p,alex,93738.0,156221.0,62483.0,156197.0
a,alex,93714.0,93714.0,0.0,93743.0
n,alex,93743.0,187476.0,93733.0,187324.0
g,alex,93591.0,203072.0,109481.0,203209.0
r,alex,93728.0,62480.0,-31248.0,62352.0
a,alex,93600.0,62478.0,-31122.0,93862.0
m,alex,124984.0,156224.0,31240.0,124955.0
[space],alex,93715.0,124873.0,31158.0,156217.0
i,alex,125059.0,125059.0,0.0,124848.0
s,alex,124848.0,78110.0,-46738.0,78247.0
[space],alex,124985.0,218703.0,93718.0,203073.0
p,alex,109355.0,156223.0,46868.0,156203.0
r,alex,109335.0,408518.0,299183.0,405074.0
o,alex,105891.0,152761.0,46870.0,171845.0
b,alex,124975.0,312431.0,187456.0,315282.0
a,alex,127826.0,143313.0,15487.0,93724.0
b,alex,78237.0,78237.0,0.0,124838.0
l,alex,124838.0,312421.0,187583.0,343805.0
y,alex,156222.0,211963.0,55741.0,149609.0
[space],alex,93868.0,156347.0,62479.0,171698.0
t,alex,109219.0,78088.0,-31131.0,78104.0
h,alex,109235.0,124889.0,15654.0,203214.0
e,alex,187560.0,93820.0,-93740.0,62482.0
[space],alex,156222.0,593628.0,437406.0,546746.0
t,alex,109340.0,109340.0,0.0,124871.0
h,alex,124871.0,296811.0,171940.0,328148.0
i,alex,156208.0,156208.0,0.0,93738.0
r,alex,93738.0,203088.0,109350.0,203060.0
t,alex,93710.0,296798.0,203088.0,343665.0
y,alex,140577.0,421777.0,281200.0,390545.0
[space],alex,109345.0,187458.0,78113.0,171816.0
f,alex,93703.0,77970.0,-15733.0,124986.0
i,alex,140719.0,203210.0,62491.0,218708.0
v,alex,156217.0,93730.0,-62487.0,109331.0
e,alex,171818.0,93721.0,-78097.0,62502.0
[space],alex,140599.0,281178.0,140579.0,265557.0
l,alex,124978.0,109223.0,-15755.0,140587.0
e,alex,156342.0,93863.0,-62479.0,31238.0
t,alex,93717.0,156217.0,62500.0,187460.0
t,alex,124960.0,93724.0,-31236.0,171706.0
e,alex,202942.0,124950.0,-77992.0,46864.0
r,alex,124856.0,62506.0,-62350.0,62614.0
[space],alex,124964.0,93725.0,-31239.0,46858.0
l,alex,78097.0,203110.0,125013.0,359303.0
o,alex,234290.0,124926.0,-109364.0,31242.0
n,alex,140606.0,93743.0,-46863.0,109338.0
g,alex,156201.0,109342.0,-46859.0,78120.0
[space],alex,124979.0,296817.0,171838.0,390524.0
[maj],alex,218686.0,140588.0,-78098.0,15618.0
t,alex,93716.0,156190.0,62474.0,187464.0
h,alex,124990.0,93750.0,-31240.0,140599.0
e,alex,171839.0,109345.0,-62494.0,78004.0
[space],alex,140498.0,281190.0,140692.0,265658.0
q,alex,124966.0,78104.0,-46862.0,109217.0
u,alex,156079.0,109344.0,-46735.0,78132.0
i,alex,124867.0,124867.0,0.0,78220.0
c,alex,78220.0,140696.0,62476.0,187351.0
k,alex,124875.0,109356.0,-15519.0,109444.0
[space],alex,124963.0,328051.0,203088.0,312418.0
b,alex,109330.0,159426.0,50096.0,175202.0
r,alex,125106.0,203215.0,78109.0,187457.0
o,alex,109348.0,156213.0,46865.0,171826.0
w,alex,124961.0,218698.0,93737.0,203080.0
n,alex,109343.0,343668.0,234325.0,359161.0
[space],alex,124836.0,296799.0,171963.0,234440.0
g,alex,62477.0,109357.0,46880.0,156224.0
o,alex,109344.0,234217.0,124873.0,312432.0
x,alex,187559.0,187559.0,0.0,109349.0
[space],alex,109349.0,171832.0,62483.0,124960.0
[backspace],alex,62477.0,156159.0,93682.0,140600.0
[backspace],alex,46918.0,125021.0,78103.0,124967.0
[backspace],alex,46864.0,124842.0,77978.0,156218.0
[backspace],alex,78240.0,265701.0,187461.0,312422.0
f,alex,124961.0,124961.0,0.0,109224.0
o,alex,109224.0,124966.0,15742.0,156336.0
x,alex,140594.0,109354.0,-31240.0,93600.0
[space],alex,124840.0,296804.0,171964.0,312566.0
j,alex,140602.0,249949.0,109347.0,187315.0
u,alex,77968.0,249934.0,171966.0,265568.0
m,alex,93602.0,203100.0,109498.0,203195.0
p,alex,93697.0,93697.0,0.0,171843.0
s,alex,171843.0,124982.0,-46861.0,109342.0
[space],alex,156203.0,359296.0,203093.0,328059.0
o,alex,124966.0,140586.0,15620.0,156078.0
v,alex,140458.0,124967.0,-15491.0,187587.0
e,alex,203078.0,140597.0,-62481.0,31239.0
r,alex,93720.0,109212.0,15492.0,171840.0
[space],alex,156348.0,156348.0,0.0,93724.0
t,alex,93724.0,93724.0,0.0,109356.0
h,alex,109356.0,124972.0,15616.0,202973.0
e,alex,187357.0,109347.0,-78010.0,62589.0
[space],alex,140599.0,406163.0,265564.0,406143.0
l,alex,140579.0,531125.0,390546.0,515499.0
z,alex,124953.0,593603.0,468650.0,546631.0
[backspace],alex,77981.0,109357.0,31376.0,187576.0
a,alex,156200.0,203059.0,46859.0,203088.0
z,alex,156229.0,734201.0,577972.0,671716.0
y,alex,93744.0,109361.0,15617.0,156203.0
[space],alex,140586.0,281193.0,140607.0,171710.0
d,alex,31103.0,390535.0,359432.0,468774.0
g,alex,109342.0,359288.0,249946.0,343661.0
[backspace],alex,93715.0,93715.0,0.0,140612.0
o,alex,140612.0,77985.0,-62627.0,46854.0
g,alex,109481.0,265595.0,156114.0,281178.0
[space],alex,125064.0,515604.0,390540.0,515406.0
w,alex,124866.0,109342.0,-15524.0,156180.0
h,alex,171704.0,109222.0,-62482.0,47000.0
i,alex,109482.0,78238.0,-31244.0,78098.0
c,alex,109342.0,109342.0,0.0,93739.0
h,alex,93739.0,109356.0,15617.0,140582.0
[space],alex,124965.0,124965.0,0.0,109355.0
h,alex,109355.0,78094.0,-31261.0,111345.0
a,alex,142606.0,127084.0,-15522.0,187563.0
s,alex,203085.0,140583.0,-62502.0,62479.0
[space],alex,124981.0,265564.0,140583.0,312426.0
b,alex,171843.0,359166.0,187323.0,328042.0
e,alex,140719.0,437540.0,296821.0,374925.0
e,alex,78104.0,109337.0,31233.0,218696.0
n,alex,187463.0,187463.0,0.0,156203.0
[space],alex,156203.0,468636.0,312433.0,452923.0
u,alex,140490.0,124971.0,-15519.0,93698.0
s,alex,109217.0,203080.0,93863.0,281318.0
e,alex,187455.0,109339.0,-78116.0,46868.0
d,alex,124984.0,93733.0,-31251.0,93716.0
[space],alex,124967.0,171827.0,46860.0,171842.0
t,alex,124982.0,93739.0,-31243.0,78099.0
o,alex,109342.0,109342.0,0.0,124966.0
[space],alex,124966.0,124966.0,0.0,140595.0
t,alex,140595.0,93739.0,-46856.0,77985.0
e,alex,124841.0,187461.0,62620.0,250075.0
s,alex,187455.0,202936.0,15481.0,140587.0
t,alex,125106.0,62627.0,-62479.0,78095.0
[space],alex,140574.0,798757.0,658183.0,767520.0
t,alex,109337.0,124971.0,15634.0,122817.0
y,alex,107183.0,216548.0,109365.0,234329.0
p,alex,124964.0,281166.0,156202.0,359157.0
i,alex,202955.0,124847.0,-78108.0,46981.0
n,alex,125089.0,62568.0,-62521.0,144268.0
g,alex,206789.0,144162.0,-62627.0,93724.0
[space],alex,156351.0,343806.0,187455.0,218692.0
t,alex,31237.0,265559.0,234322.0,296806.0
[backspace],alex,62484.0,31240.0,-31244.0,109355.0
e,alex,140599.0,218701.0,78102.0,203065.0
q,alex,124963.0,140578.0,15615.0,187462.0
u,alex,171847.0,109365.0,-62482.0,78095.0
i,alex,140577.0,281054.0,140477.0,234319.0
p,alex,93842.0,218831.0,124989.0,249822.0
m,alex,124833.0,124833.0,0.0,109486.0
e,alex,109486.0,125090.0,15604.0,140581.0
n,alex,124977.0,93737.0,-31240.0,218702.0
t,alex,249942.0,218703.0,-31239.0,124982.0
[space],alex,156221.0,499889.0,343668.0,499878.0
s,alex,156210.0,93712.0,-62498.0,109343.0
i,alex,171841.0,93739.0,-78102.0,78099.0
n,alex,156201.0,187460.0,31259.0,187462.0
c,alex,156203.0,140584.0,-15619.0,171841.0
e,alex,187460.0,109219.0,-78241.0,78108.0
[space],alex,156349.0,187585.0,31236.0,234317.0
a,alex,203081.0,140598.0,-62483.0,109217.0
t,alex,171700.0,140585.0,-31115.0,93860.0
[space],alex,124975.0,156085.0,31110.0,187464.0
l,alex,156354.0,109466.0,-46888.0,78103.0
e,alex,124991.0,62499.0,-62492.0,124971.0
s,alex,187463.0,609236.0,421773.0,515483.0
[backspace],alex,93710.0,124836.0,31126.0,234328.0
a,alex,203202.0,296942.0,93740.0,249941.0
s,alex,156201.0,218698.0,62497.0,171845.0
t,alex,109348.0,232001.0,122653.0,221058.0
[space],alex,98405.0,145251.0,46846.0,140559.0
t,alex,93713.0,124947.0,31234.0,203081.0
h,alex,171847.0,124987.0,-46860.0,107374.0
e,alex,154234.0,78105.0,-76129.0,81622.0
[space],alex,157751.0,173368.0,15617.0,140575.0
l,alex,124958.0,109343.0,-15615.0,140610.0
a,alex,156225.0,109362.0,-46863.0,109339.0
t,alex,156202.0,93716.0,-62486.0,124978.0
e,alex,187464.0,93603.0,-93861.0,66558.0
[space],alex,160419.0,478412.0,317993.0,458449.0
1,alex,140456.0,124960.0,-15496.0,156216.0
8,alex,171712.0,156225.0,-15487.0,125092.0
0,alex,140579.0,203078.0,62499.0,265575.0
0,alex,203076.0,203076.0,0.0,140590.0
s,alex,140590.0,1462067.0,1321477.0,1399607.0
[space],alex,78130.0,124986.0,46856.0,437395.0
[maj],alex,390539.0,218700.0,-171839.0,-46884.0
w,alex,124955.0,468642.0,343687.0,468647.0
h,alex,124960.0,124960.0,0.0,109359.0
e,alex,109359.0,124846.0,15487.0,171821.0
n,alex,156334.0,156334.0,0.0,156223.0
[space],alex,156223.0,406152.0,249929.0,359274.0
c,alex,109345.0,78115.0,-31230.0,62507.0
o,alex,93737.0,218572.0,124835.0,156204.0
m,alex,31369.0,125105.0,93736.0,203084.0
p,alex,109348.0,109348.0,0.0,156216.0
a,alex,156216.0,93709.0,-62507.0,62480.0
r,alex,124987.0,140596.0,15609.0,234323.0
i,alex,218714.0,109345.0,-109369.0,46863.0
n,alex,156232.0,109369.0,-46863.0,93714.0
g,alex,140577.0,93723.0,-46854.0,78113.0
[space],alex,124967.0,156221.0,31254.0,140589.0
t,alex,109335.0,78097.0,-31238.0,78120.0
h,alex,109358.0,109358.0,0.0,171824.0
e,alex,171824.0,78109.0,-93715.0,78116.0
[space],alex,171831.0,484159.0,312328.0,406151.0
t,alex,93823.0,234418.0,140595.0,265557.0
w,alex,124962.0,140586.0,15624.0,140603.0
o,alex,124979.0,218710.0,93731.0,203077.0
[space],alex,109346.0,249933.0,140587.0,249897.0
b,alex,109310.0,124973.0,15663.0,140630.0
r,alex,124967.0,124967.0,0.0,109219.0
o,alex,109219.0,124839.0,15620.0,140730.0
w,alex,125110.0,250082.0,124972.0,234313.0
s,alex,109341.0,203092.0,93751.0,218709.0
e,alex,124958.0,78088.0,-46870.0,78093.0
r,alex,124963.0,156204.0,31241.0,203079.0
s,alex,171838.0,109361.0,-62477.0,77976.0
[space],alex,140453.0,171818.0,31365.0,125104.0
b,alex,93739.0,156225.0,62486.0,171703.0
o,alex,109217.0,93593.0,-15624.0,78238.0
t,alex,93862.0,109349.0,15487.0,124963.0
h,alex,109476.0,109476.0,0.0,124983.0
[space],alex,124983.0,187469.0,62486.0,265557.0
[maj],alex,203071.0,93712.0,-109359.0,0.0
f,alex,109359.0,171844.0,62485.0,187444.0
i,alex,124959.0,218706.0,93747.0,249822.0
r,alex,156075.0,109342.0,-46733.0,31380.0
e,alex,78113.0,218704.0,140591.0,267416.0
f,alex,126825.0,236306.0,109481.0,234324.0
o,alex,124843.0,124843.0,0.0,125098.0
x,alex,125098.0,187582.0,62484.0,156231.0
[space],alex,93747.0,140597.0,46850.0,156214.0
a,alex,109364.0,437340.0,327976.0,484239.0
n,alex,156263.0,125023.0,-31240.0,109362.0
d,alex,140602.0,93718.0,-46884.0,46857.0
[space],alex,93741.0,109352.0,15611.0,156200.0
[maj],alex,140589.0,62490.0,-78099.0,31126.0
b,alex,109225.0,140599.0,31374.0,140706.0
r,alex,109332.0,124963.0,15631.0,171851.0
a,alex,156220.0,218709.0,62489.0,234315.0
v,alex,171826.0,140456.0,-31370.0,109355.0
e,alex,140725.0,78237.0,-62488.0,78087.0
[space],alex,140575.0,93725.0,-46850.0,93750.0
o,alex,140600.0,171841.0,31241.0,124957.0
f,alex,93716.0,218674.0,124958.0,234325.0
f,alex,109367.0,328076.0,218709.0,484249.0
e,alex,265540.0,124895.0,-140645.0,0.0
r,alex,140645.0,0.0,0.0,0.0
